75201
75202
75203
75204
75205
75206
75207
75208
75209
75210
75211
75212
75214
75215
75216
75217
75218
75219
75220
75221
75222
75223
75224
75225
75226
75227
75228
75229
75230
75231
75232
75233
75234
75235
75236
75237
75238
75239
75240
75241
75242
75243
75244
75245
75246
75247
75248
75249
75250
75251
75252
75253
75254
75258
75260
75261
75262
75263
75264
75265
75266
75267
75270
75275
75277
75283
75284
75285
75286
75287
75301
75303
75310
75312
75313
75315
75320
75323
75326
75334
75336
75339
75340
75342
75343
75344
75353
75354
75355
75356
75357
75359
75360
75361
75362
75363
75364
75367
75368
75369
75370
75371
75372
75373
75374
75376
75378
75379
75380
75381
75382
75386
75387
75388
75389
75390
75391
75392
75393
75394
75395
75396
75397
75398
75080
75081
75082
75083
75085
75023
75024
75025
75026
75074
75075
75086
75093
75094
75033
75034
75035
75069
75070
75072
75006
75007
75010
75011
75014
75015
75016
75017
75038
75039
75060
75061
75062
75063
75056
76092
75036
75002
75013
75019